180
480
310
400
300
230
320
260
220
340
430
450
710
440
250
220
440
230
350
530
260
250
460
350
350
240
320
180
370
210
430
430
380
220
400
470
330
290
260
430
170
580
220
400
290
500
300
260
460
420
520
340
480
300
450
390
220
370
400
410
690
380
180
320
600
760
280
530
350
340
550
320
280
500
330
400
340
310
240
490
200
540
540
660
230
450
660
280
500
390
240
260
470
360
480
460
470
610
370
620
600
410
490
220
410
470
280
600
210
490
420
290
550
390
520
260
510
370
440
290
310
650
390
420
530
1020
310
720
510
600
600
640
990
540
520
450
540
470
600
410
400
670
480
900
570
530
570
470
710
590
520
810
340
350
540
760
530
620
560
500
840
590
2160
530
310
370
550
480
230
710
400
850
480
410
520
580
470
430
400
800
540
700
640
620
300
1160
390
560
390
410
660
960
420
810
410
570
810
530
380
880
770
350
670
660
840
520
600
940
490
480
620
880
990
390
570
650
640
790
1330
830
1340
800
580
440
510
450
300
670
700
880
520
860
830
2390
530
1120
360
480
1210
820
480
470
580
640
530
430
730
1150
630
650
470
610
1550
1010
430
360
730
830
500
790
440
720
670
1200
490
790
560
390
490
930
660
420
1090
740
880
440
660
1560
530
690
700
380
1460
1570
710
530
890
700
440
580
650
800
400
1580
1130
1720
830
1800
1570
1250
870
780
630
760
800
760
740
1160
1110
2460
920
1570
1010
1010
1030
1530
1380
520
1410
2630
970
890
680
1340
780
1750
1580
990
740
1020
940
780
860
1610
1070
1450
570
750
2000
810
1340
1380
1120
640
610
1090
670
2250
1010
580
650
740
770
1530
940
830
720
1360
920
620
1920
850
2080
920
540
1460
2680
630
780
2340
710
1000
670
1160
540
1300
420
1110
810
790
630
970
910
1000
1550
1640
1330
1710
1350
1090
1310
1660
1210
830
2170
1080
880
870
850
1540
960
970
1410
620
940
770
740
670
880
620
1190
1060
770
1800
910
1230
1260
1050
1120
1380
800
1060
1940
1470
1650
1890
770
700
2790
1310
1530
400
760
570
2360
840
1150
1540
1450
920
1020
950
1150
1460
2660
1940
520
1180
1510
3470
880
700
750
830
1500
1030
3150
890
1900
1090
2510
530
700
660
1350
1090
760
1300
1440
870
930
1330
710
2460
1110
1140
1940
830
1670
1390
1640
850
1170
860
780
1450
4100
1220
1010
1020
950
2260
1080
1240
790
1060
1660
1730
660
950
880
800
1030
1460
2260
1330
970
880
580
1480
920
3270
2970
4030
2990
690
1810
1510
1730
1820
860
940
1320
2280
1090
1770
1870
4070
990
1920
2010
2050
1300
1320
1000
1040
1180
1120
1180
1200
1120
2500
1080
1520
1790
1730
1200
1320
1450
1800
1240
1960
1530
1600
1110
1740
1110
2110
970
1020
2890
740
840
1930
1310
2330
1650
1050
1140
2350
980
1280
2470
1870
1660
840
2380
1240
1180
2190
1390
1690
2320
1440
760
1700
1250
990
1400
1850
1160
910
1200
1480
970
1840
1490
1920
1790
1760
1150
1080
2870
1780
1490
3130
2020
1190
1720
2230
1890
1100
1270
1720
2080
1520
1740
1940
1520
1690
1280
1240
960
1300
1870
1180
2600
2310
1410
1000
1350
2280
4210
1550
2240
1600
1340
1290
1140
1590
2690
990
1110
1310
1070
1910
1340
1940
3340
1540
1770
1370
1770
1690
1820
1940
2080
3050
1160
2070
1230
1610
960
2260
2130
1730
1310
1670
930
2040
2380
1780
1300
1740
1180
1490
1080
4400
1150
2150
1520
1240
3350
1920
1870
1810
1710
3250
2000
1550
1450
2820
2030
770
2150
1580
1530
3010
1220
1880
1230
2830
2120
1260
1100
2220
1300
1840
970
1800
1540
2310
2990
2370
970
1640
1130
2100
1370
1280
2450
1190
2170
2280
1130
1940
1680
4180
1350
2430
1370
1320
1820
1530
950
2450
1430
2270
1510
1620
800
1840
2500
2080
1550
3020
1070
1730
940
2630
850
1670
950
1050
1150
2110
2190
2780
1970
1900
2010
2500
2830
1920
1410
3540
2250
2430
2370
2200
2120
1870
2320
970
1730
1000
2470
1930
1100
1980
1690
1280
1900
1150
1010
1770
1460
1510
2480
2030
1370
1590
1310
3020
1190
2070
1870
1680
1590
2360
1160
1610
2710
1490
2470
1950
2100
2200
2130
2230
5420
1350
1910
2150
1550
1910
3840
2100
1730
1460
2320
1730
1850
2570
1930
1400
2470
2200
1260
2580
2770
1360
1590
1500
1730
2520
2170
1560
1560
2280
2240
3410
2080
2110
1890
2000
2440
1580
1760
2610
2150
5610
2490
2270
2400
3050
4350
3300
2550
2340
2240
1550
2120
1540
2190
1800
2860
2320
840
2450
2390
2140
1590
2210
1610
1640
2610
2470
1620
2360
2140
2820
1400
1660
1640
1350
2170
1220
2830
2250
2540
3230
2550
2080
2410
1990
2480
1690
2530
1650
1850
1980
2510
2090
1810
1430
1590
1700
1830
1330
3150
1400
1550
3110
2750
2600
1990
2320
2320
1560
2190
2050
2490
1890
1680
1910
5550
2560
2270
1790
1200
2400
1900
1530
1830
2480
1370
1900
2770
2080
2440
3310
1830
2260
1860
1950
2740
2250
1990
2120
2140
1750
2170
2060
1720
1800
2230
1950
2520
3200
2230
2330
1720
1990
1920
2680
2550
1350
1510
2990
2230
2330
3400
5580
2450
2510
1630
2340
2570
1670
2450
2610
1980
2230
2430
2100
2180
1940
1900
1890
1850
1470
1870
2010
2160
1700
2260
1900
3520
3030
1900
1720
2070
2140
