260
150
320
290
450
960
380
300
310
290
330
260
370
350
420
250
390
290
230
320
250
300
490
260
290
360
390
460
430
280
300
350
230
400
400
430
300
280
320
440
530
230
250
300
400
430
1260
290
240
470
320
350
230
160
560
320
400
610
280
430
470
330
740
370
610
450
370
310
290
460
330
720
320
390
530
300
410
440
900
410
610
350
470
460
370
360
380
410
400
320
850
710
400
570
760
300
460
760
530
420
390
470
530
390
490
510
290
480
560
280
520
380
410
650
740
420
670
380
2600
390
250
510
510
410
430
520
450
460
550
410
320
520
410
690
640
410
380
380
490
580
420
570
310
440
670
450
560
360
310
460
430
550
270
540
1400
410
500
310
700
710
750
710
490
600
600
660
390
330
840
600
760
770
640
470
410
540
590
350
1510
310
490
450
500
630
460
750
420
950
580
580
590
450
530
740
590
230
630
2310
1140
580
370
910
600
620
510
270
360
1070
570
620
670
540
690
540
740
280
680
550
640
360
460
940
580
2460
550
500
690
720
400
660
1250
410
680
790
1370
630
720
610
660
520
560
680
1240
590
720
830
620
600
930
1370
540
560
550
410
910
490
430
700
520
590
930
530
1660
1690
770
1560
450
700
630
850
610
480
570
690
540
2120
300
430
820
470
260
650
1370
2370
970
700
690
690
390
1870
1660
730
860
870
410
560
650
670
400
510
1000
490
1010
1180
1170
1820
500
330
1580
690
730
540
370
780
2540
730
680
610
1540
760
1080
1210
690
1260
830
2360
700
620
700
500
990
590
1810
1100
700
430
780
1030
740
1520
1410
720
460
830
780
1720
1290
790
890
1600
1410
550
760
950
560
990
830
1110
1580
1460
470
830
1220
2730
840
1150
2420
940
1240
2200
2730
870
1060
1030
940
2210
520
660
830
1190
2610
780
800
730
610
1120
2470
1210
930
1140
1050
860
1080
1840
530
1390
1420
1170
670
1150
1290
930
1130
970
1260
1270
900
1910
970
960
1160
1410
4630
1190
1100
680
1500
1870
1020
1540
1410
1190
820
990
2090
1290
2540
720
930
740
1490
1770
820
1080
1310
660
1160
700
3230
720
920
1890
760
970
930
1310
850
1100
810
790
1780
530
1430
1370
1350
1320
1220
930
1600
1490
920
1540
2310
2010
2080
1050
660
1130
880
1280
1230
1370
1200
1020
740
1110
1560
1030
2610
1620
1000
1450
1580
1530
1110
1300
2720
3160
1030
1310
530
830
1940
1330
1850
1050
1380
1100
840
1140
1310
1000
890
870
1310
780
1170
1270
690
900
890
970
2580
1360
1360
720
2350
1990
1330
1770
2090
2310
1680
1020
1520
1140
2410
1910
1230
1710
1670
1880
1980
1370
1340
2220
810
1520
1180
1250
2440
1300
1390
1490
1590
2150
1590
1920
1020
1420
2610
1430
2130
2920
2430
1530
1930
1500
1980
2900
2110
1120
2140
1350
1340
1870
920
2430
1810
1800
1060
2110
2260
1840
1680
1610
1100
1220
1380
1070
1720
1310
960
3950
2080
2550
1360
2340
2420
1870
1790
3730
1660
960
1930
2460
1530
1550
1910
1530
2020
1500
1430
1320
1700
1090
1250
1270
1820
1390
1640
1540
1250
1370
2940
2520
1430
2220
2110
3040
1920
1390
3230
1200
2470
2010
1920
1500
1760
1580
1900
1840
2230
1690
950
2130
1390
2200
1910
1870
1580
3930
1850
1930
1190
1580
1120
1450
1060
1730
2080
1950
1840
1990
1140
2150
2120
2120
1190
1820
1520
2020
1510
1250
1660
1130
1420
1540
1870
1570
1980
1490
1480
1650
2060
1510
1130
1380
4230
2160
1970
2030
2430
1310
1900
2210
1610
2480
1050
1500
1490
1090
1140
1580
1360
1780
4610
2130
2640
1540
2540
1480
1810
1290
1290
1430
1100
1990
2500
1700
1540
1000
2790
1830
1930
1600
1570
2100
1970
2290
1240
2520
1330
2000
1710
1450
1980
1340
2100
2150
2310
2440
2490
2070
1320
1290
2410
1830
2230
1980
1830
2030
1580
1220
1930
2030
2110
1900
2070
2570
1340
2050
1970
1840
1870
2200
1840
2120
2730
2490
3380
1720
850
1420
1680
2370
1550
1610
1750
1350
1580
1900
1800
1860
1760
1970
2300
2190
2190
1800
2050
2210
1630
2230
1320
2350
1280
2140
1800
2200
2620
2160
1540
2090
2740
1680
2040
2110
2350
2350
2130
1680
2200
1150
1650
2350
1980
1740
1040
2490
1440
2930
3270
2470
2340
2760
1400
2640
1920
1550
1320
2640
2310
2150
2440
2980
3290
2360
2290
2440
1840
2150
1290
2530
2580
1650
2380
2300
2110
1880
2110
2660
4120
2230
2660
2160
2590
3360
2150
2300
1800
1370
2340
1510
2050
2440
3620
2150
2130
2300
2670
2090
1970
2580
2510
2630
2660
1550
2380
3200
1390
2190
2340
2510
2610
3370
2080
2170
1620
1620
2350
3020
2140
1850
1430
1860
2180
1340
1530
2030
3280
1700
2530
2030
1810
2990
2330
2420
1890
1830
2340
1550
2420
2130
2720
1750
2190
1640
1840
2540
2590
2150
2170
2270
2250
3110
2130
1760
2080
2100
2170
1580
6650
1610
2620
2880
3130
2700
2560
2490
2030
2940
2630
1700
2080
2110
1570
1890
2350
1910
2540
3830
1790
3350
2350
2400
2130
2710
2120
1200
1240
2000
2450
2340
2570
2400
1180
2010
3040
3910
2480
4170
2500
1560
3320
2530
1320
1370
2490
2360
1850
2160
3340
2390
2190
2610
3130
2570
2160
2280
3140
1730
2740
2570
2010
2220
2710
2180
3200
2170
2840
2460
2650
2600
2500
2860
3060
2360
3200
2210
1910
1960
1960
3840
